49 49 99 40 17 81 18 57 60 87 17 40 98 43 69 48 04 56 62 00 

52 70 95 23 04 60 11 42 69 24 68 56 01 32 56 71 37 02 36 91 

24 47 32 60 99 03 45 02 44 75 33 53 78 36 84 20 35 17 12 50 

67 26 20 68 02 62 12 20 95 63 94 39 63 08 40 91 66 49 94 21 

21 36 23 09 75 00 76 44 20 45 35 14 00 61 33 97 34 31 33 95 

16 39 05 42 96 35 31 47 55 58 88 24 00 17 54 24 36 29 85 57 

19 80 81 68 05 94 47 69 28 73 92 13 86 52 17 77 04 89 55 40 

88 36 68 87 57 62 20 72 03 46 33 67 46 55 12 32 63 93 53 69 

20 69 36 41 72 30 23 88 34 62 99 69 82 67 59 85 74 04 36 16 

01 70 54 71 83 51 54 69 16 92 33 48 61 43 52 01 89 19 67 48 